0.45,0.0248081818181818,-0.6726125,-1.106,no/sbcam-2017-06-01_1496344490440.jpg
0.490625,-0.0257672727272727,-0.6213075,-1.0032,no/sbcam-2017-06-01_1496344492014.jpg
0.525,-0.00330363636363637,-0.599475,-0.9004,no/sbcam-2017-06-01_1496344493594.jpg
0.2109375,0.12795,-0.774035,-1.1574,no/sbcam-2017-06-01_1496344495170.jpg
0.0484375,-0.207634545454545,-0.6893325,-1.0546,no/sbcam-2017-06-01_1496344496747.jpg
0.178125,-0.223006363636364,-0.52595,-0.9004,no/sbcam-2017-06-01_1496344498320.jpg
0.4203125,-0.190461818181818,-0.418825,-0.866133333333333,no/sbcam-2017-06-01_1496344499900.jpg
0.484375,-0.198367272727273,-0.33779,-0.729066666666667,no/sbcam-2017-06-01_1496344501480.jpg
0.5578125,-0.188320909090909,-0.2839975,-0.6434,no/sbcam-2017-06-01_1496344503057.jpg
0.465625,-0.384296454545455,1.053325,0.4874,no/sbcam-2017-06-01_1496344504630.jpg
0.425,-0.298571,0.5432325,-0.2836,no/sbcam-2017-06-01_1496344506207.jpg
0.715625,-0.253639090909091,1.609075,1.03566666666667,no/sbcam-2017-06-01_1496344507780.jpg
0.346875,-0.412109090909091,1.311775,0.830066666666667,no/sbcam-2017-06-01_1496344509354.jpg
0.290625,-0.419534909090909,1.64955,1.03566666666667,no/sbcam-2017-06-01_1496344510930.jpg
1.046875,-0.263034545454545,0.3857775,0.0248,no/sbcam-2017-06-01_1496344512507.jpg
0.6796875,-0.383529090909091,0.5435375,-0.0951333333333333,no/sbcam-2017-06-01_1496344514084.jpg
0.8046875,-0.13888,-0.2024025,-0.352133333333333,no/sbcam-2017-06-01_1496344515660.jpg
0.76875,-0.179737272727273,-0.0634949999999999,-0.1294,no/sbcam-2017-06-01_1496344517240.jpg
0.66875,-0.189281818181818,0.033855,-0.00946666666666667,no/sbcam-2017-06-01_1496344518814.jpg
0.7359375,-0.201150909090909,-0.052395,-0.112266666666667,no/sbcam-2017-06-01_1496344520394.jpg
0.6,-0.188786363636364,-0.36525,-0.4378,no/sbcam-2017-06-01_1496344521967.jpg
0.6359375,-0.170836363636364,-0.2478575,-0.0437333333333333,no/sbcam-2017-06-01_1496344523543.jpg
0.3515625,-0.0852572727272727,-0.3312825,0.00766666666666667,no/sbcam-2017-06-01_1496344525117.jpg
0.328125,-0.0548127272727273,-0.55548,-0.4378,no/sbcam-2017-06-01_1496344526693.jpg
0.8390625,-0.130600909090909,-0.1881225,-0.163666666666667,no/sbcam-2017-06-01_1496344528273.jpg
0.753125,-0.0382481818181818,-0.4608825,-0.626266666666667,no/sbcam-2017-06-01_1496344529850.jpg
0.20625,2.66334545454545,-0.9725,-0.831866666666667,no/sbcam-2017-06-01_1496344531423.jpg
0.2109375,3.14508181818182,-1.010315,-0.917533333333333,no/sbcam-2017-06-01_1496344533000.jpg
0.840625,-0.150535454545455,-0.1650825,-0.078,no/sbcam-2017-06-01_1496344534580.jpg
0.7953125,-0.176652727272727,-0.10301,0.0933333333333333,no/sbcam-2017-06-01_1496344536160.jpg
-0.0296875,-0.168151818181818,-1.10776,-2.47666666666667,no/sbcam-2017-06-15_1497570541394.jpg
0.3921875,-0.176595454545455,-0.3616425,-1.24306666666667,no/sbcam-2017-06-15_1497570546744.jpg
0.3578125,-0.173683636363636,-0.3197125,-1.1574,no/sbcam-2017-06-15_1497570556984.jpg
0.4296875,-0.181095454545455,-0.273745,-1.07173333333333,no/sbcam-2017-06-15_1497570567407.jpg
0.4421875,-0.190190909090909,-0.2169075,-1.03746666666667,no/sbcam-2017-06-15_1497570577874.jpg
0.134375,-0.353778363636364,0.47134,-0.00946666666666667,no/sbcam-2017-06-19_1497908612355.jpg
0.190625,-0.354206181818182,0.55502,0.2304,no/sbcam-2017-06-19_1497908617888.jpg
0.2109375,-0.358179872727273,0.6035225,0.247533333333333,no/sbcam-2017-06-19_1497908620028.jpg
0.1640625,-0.359707909090909,0.66343,0.367466666666667,no/sbcam-2017-06-19_1497908622172.jpg
-0.0515625,0.0556745454545455,-0.4529975,-1.2088,no/sbcam-2017-06-19_1497911902575.jpg
0.0359375,0.275865454545455,-0.4621525,-1.14026666666667,no/sbcam-2017-06-19_1497916571021.jpg
0.040625,0.204000909090909,-0.427565,-1.2088,no/sbcam-2017-06-19_1497916573171.jpg
0.0421875,0.257334545454545,-0.45307,-1.17453333333333,no/sbcam-2017-06-19_1497916575331.jpg
0.253125,-0.253458181818182,0.222095,1.03566666666667,no/sbcam-2017-06-21_1498086975372.jpg
-0.0875,0.234430909090909,-0.9087325,-1.9284,no/sbcam-2017-06-21_1498092096494.jpg
-0.1359375,0.334037272727273,-0.882735,-1.85986666666667,no/sbcam-2017-06-21_1498092098660.jpg
-0.078125,0.292526363636364,-0.84082,-1.75706666666667,no/sbcam-2017-06-21_1498092100824.jpg
-0.0390625,0.407664545454546,-0.8155125,-1.7228,no/sbcam-2017-06-21_1498092103024.jpg
-0.0453125,0.343451818181818,-0.7743775,-1.68853333333333,no/sbcam-2017-06-21_1498092105164.jpg
-0.0609375,0.315398181818182,-0.7529,-1.6714,no/sbcam-2017-06-21_1498092107304.jpg
0.025,0.352437272727273,-0.7111225,-1.60286666666667,no/sbcam-2017-06-21_1498092109467.jpg
-0.0671875,0.38307,-0.69458,-1.5172,no/sbcam-2017-06-21_1498092111590.jpg
-0.025,0.327356363636364,-0.66933,-1.43153333333333,no/sbcam-2017-06-21_1498092113747.jpg
0.0109375,0.296147272727273,-0.631,-1.4658,no/sbcam-2017-06-21_1498092115907.jpg
-0.0140625,0.267539090909091,-0.5952,-1.4144,no/sbcam-2017-06-21_1498092118073.jpg
0.0609375,0.267760909090909,-0.5678525,-1.38013333333333,no/sbcam-2017-06-21_1498092120280.jpg
0.01875,0.283118181818182,-0.5498075,-1.27733333333333,no/sbcam-2017-06-21_1498092123503.jpg
0.0296875,0.265948181818182,-0.5084475,-1.2602,no/sbcam-2017-06-21_1498092125637.jpg
0.003125,0.255396363636364,-0.48031,-1.2088,no/sbcam-2017-06-21_1498092127757.jpg
-0.0203125,0.243579090909091,-0.4758125,-1.2602,no/sbcam-2017-06-21_1498092129923.jpg
-0.034375,0.184333636363636,-0.4582625,-1.24306666666667,no/sbcam-2017-06-21_1498092132103.jpg
0.040625,0.275844545454546,-0.494215,-1.19166666666667,no/sbcam-2017-06-21_1498092134260.jpg
0.00625,0.274079090909091,-0.485165,-1.2088,no/sbcam-2017-06-21_1498092136447.jpg
0.0078125,0.273317272727273,-0.4973575,-1.22593333333333,no/sbcam-2017-06-21_1498092138600.jpg
0.0453125,0.297879090909091,-0.488855,-1.12313333333333,no/sbcam-2017-06-21_1498092140770.jpg
0.05,0.283294545454545,-0.4731975,-1.24306666666667,no/sbcam-2017-06-21_1498092142913.jpg
-0.0640625,0.125132727272727,-0.48354,-1.2088,no/sbcam-2017-06-21_1498092145063.jpg
0.0546875,0.297818181818182,-0.4946625,-1.24306666666667,no/sbcam-2017-06-21_1498092147210.jpg
-0.0265625,0.269946363636364,-0.5211175,-1.24306666666667,no/sbcam-2017-06-21_1498092802394.jpg
-0.0234375,0.288172727272727,-0.51397,-1.2088,no/sbcam-2017-06-21_1498092807501.jpg
0.0109375,0.30155,-0.516825,-1.22593333333333,no/sbcam-2017-06-21_1498092812414.jpg
0.04375,0.252026363636364,-0.5109775,-1.3116,no/sbcam-2017-06-21_1498092814671.jpg
-0.046875,0.230291818181818,-0.50599,-1.29446666666667,no/sbcam-2017-06-21_1498092816821.jpg
0.0234375,0.324175454545455,-0.51864,-1.19166666666667,no/sbcam-2017-06-21_1498092818977.jpg
0.31875,-0.172611818181818,-0.0601475,-0.729066666666667,no/sbcam-2017-06-21_1498093960128.jpg
0.3,-0.181152727272727,-0.0285050000000001,-0.6434,no/sbcam-2017-06-21_1498094059960.jpg
0.321875,-0.347678363636364,0.3981575,-0.1294,no/sbcam-2017-06-23_1498242659954.jpg
0.15,-0.371980909090909,0.4577825,-0.2322,no/sbcam-2017-06-23_1498242664314.jpg
0.315625,-0.345223727272727,0.3986125,-0.0266,no/sbcam-2017-06-23_1498242668681.jpg
0.1453125,-0.371499890909091,0.48059,-0.1294,no/sbcam-2017-06-23_1498242681333.jpg
0.14375,-0.370175845454545,0.47252,-0.1294,no/sbcam-2017-06-23_1498242691409.jpg
0.1234375,-0.37378,0.488675,-0.215066666666667,no/sbcam-2017-06-23_1498242696296.jpg
0.29375,-0.350874090909091,0.4295875,-0.1294,no/sbcam-2017-06-23_1498242698346.jpg
0.190625,-0.368684490909091,0.4722075,-0.0437333333333333,no/sbcam-2017-06-23_1498242700266.jpg
0.1703125,-0.369217590909091,0.4998,-0.0951333333333333,no/sbcam-2017-06-23_1498242715250.jpg
0.1875,-0.370097809090909,0.5018325,0.0248,no/sbcam-2017-06-23_1498242717410.jpg
0.2140625,-0.369709172727273,0.5047425,0.0419333333333333,no/sbcam-2017-06-23_1498242719567.jpg
0.2546875,-0.363013227272727,0.8188275,0.573066666666667,no/sbcam-2017-06-23_1498242976381.jpg
0.2609375,-0.388018090909091,0.7273,0.0933333333333333,no/sbcam-2017-06-23_1498247564028.jpg
0.2578125,-0.382655727272727,0.73857,0.0933333333333333,no/sbcam-2017-06-23_1498247566175.jpg
0.196875,-0.297224272727273,-0.0270825,0.161866666666667,no/sbcam-2017-06-23_1498252086191.jpg
0.2046875,-0.300745909090909,0.0306300000000001,0.179,no/sbcam-2017-06-23_1498252088455.jpg
0.3203125,-0.293283363636364,0.0788275000000001,0.5388,no/sbcam-2017-06-23_1498252090671.jpg
0.15625,-0.367335690909091,0.7462725,1.03566666666667,no/sbcam-2017-06-23_1498252092525.jpg
0.3234375,-0.295340818181818,0.0501224999999999,0.675866666666667,no/sbcam-2017-06-23_1498252178186.jpg
0.2765625,-0.282400636363636,-0.000144999999999982,0.521666666666667,no/sbcam-2017-06-23_1498252191353.jpg
0.3484375,-0.269482727272727,-0.00946000000000004,0.470266666666667,no/sbcam-2017-06-23_1498252193016.jpg
0.2953125,-0.288259454545455,0.025865,0.4874,no/sbcam-2017-06-23_1498252194520.jpg
0.325,-0.273001363636364,0.00354500000000007,0.607333333333333,no/sbcam-2017-06-23_1498252196040.jpg
0.3640625,-0.265313636363636,0.0051724999999999,0.778666666666667,no/sbcam-2017-06-23_1498252197660.jpg
0.35625,-0.261393636363636,0.00708750000000009,0.6416,no/sbcam-2017-06-23_1498252199126.jpg
0.3484375,-0.264214545454545,0.0176324999999999,0.864333333333333,no/sbcam-2017-06-23_1498252200666.jpg
0.4640625,-0.270711818181818,0.2596375,0.95,no/sbcam-2017-06-23_1498252237240.jpg
0.48125,-0.276569090909091,0.3795175,0.967133333333333,no/sbcam-2017-06-23_1498252249113.jpg
0.484375,-0.275549090909091,0.440545,0.932866666666667,no/sbcam-2017-06-23_1498252258003.jpg
0.540625,-0.269019090909091,0.4405125,0.915733333333333,no/sbcam-2017-06-23_1498252260400.jpg
0.5359375,-0.266526363636364,0.454035,0.984266666666667,no/sbcam-2017-06-23_1498252262686.jpg
0.0875,-0.364353489090909,0.2009925,-0.729066666666667,no/sbcam-2017-06-23_1498252820908.jpg
0.0125,-0.368070290909091,0.2584075,-0.506333333333333,no/sbcam-2017-06-23_1498252837550.jpg
0.09375,-0.344350818181818,0.0147650000000001,-0.7462,no/sbcam-2017-06-23_1498252856528.jpg
0.1640625,-0.388533636363636,0.890245,0.658733333333333,no/sbcam-2017-06-23_1498252887957.jpg
0.140625,-0.387535727272727,0.897045,0.778666666666667,no/sbcam-2017-06-23_1498252890741.jpg
0.1265625,-0.389373909090909,0.866535,0.5902,no/sbcam-2017-06-23_1498252898014.jpg
0.1234375,-0.388081727272727,0.8603125,0.555933333333333,no/sbcam-2017-06-23_1498252899791.jpg
0.1140625,-0.389142090909091,0.8568125,0.555933333333333,no/sbcam-2017-06-23_1498252901381.jpg
0.1546875,-0.387295545454545,0.83955,0.658733333333333,no/sbcam-2017-06-23_1498252905298.jpg
0.240625,-0.373760272727273,0.784465,0.761533333333333,no/sbcam-2017-06-23_1498252927024.jpg
0.1578125,-0.389472090909091,0.8642525,0.693,no/sbcam-2017-06-23_1498252931258.jpg
0.184375,-0.386462636363636,0.8676,0.761533333333333,no/sbcam-2017-06-23_1498252934301.jpg
0.221875,-0.389308181818182,0.9178775,0.624466666666667,no/sbcam-2017-06-23_1498252942834.jpg
0.565625,-0.328303090909091,0.48496,1.03566666666667,no/sbcam-2017-06-23_1498254915260.jpg
0.5296875,-0.319797545454545,0.4725175,1.03566666666667,no/sbcam-2017-06-23_1498254922673.jpg
0.5,-0.326133272727273,0.473955,1.03566666666667,no/sbcam-2017-06-23_1498254925928.jpg
0.50625,-0.327813818181818,0.4385125,1.03566666666667,no/sbcam-2017-06-23_1498254988949.jpg
0.478125,-0.299518,0.281445,0.967133333333333,no/sbcam-2017-06-23_1498255144333.jpg
0.4859375,-0.302765818181818,0.2817725,0.881466666666667,no/sbcam-2017-06-23_1498255147580.jpg
0.4265625,-0.300736818181818,0.256885,0.881466666666667,no/sbcam-2017-06-23_1498255150880.jpg
0.4796875,-0.299051363636364,0.26973,0.864333333333333,no/sbcam-2017-06-23_1498255162570.jpg
0.4515625,-0.295859454545455,0.2513725,1.01853333333333,no/sbcam-2017-06-23_1498255164743.jpg
0.45,-0.293544545454545,0.26442,0.881466666666667,no/sbcam-2017-06-23_1498255166893.jpg
0.4421875,-0.299146272727273,0.2900925,0.967133333333333,no/sbcam-2017-06-23_1498255169066.jpg
0.45,-0.314315909090909,0.3235875,1.03566666666667,no/sbcam-2017-06-23_1498255171246.jpg
0.4171875,-0.320384363636364,0.288845,0.864333333333333,no/sbcam-2017-06-23_1498255173440.jpg
0.4640625,-0.310257727272727,0.2966175,0.812933333333333,no/sbcam-2017-06-23_1498255175600.jpg
0.4546875,-0.307005090909091,0.28136,1.03566666666667,no/sbcam-2017-06-23_1498255183086.jpg
0.4453125,-0.307667454545455,0.288435,1.03566666666667,no/sbcam-2017-06-23_1498255195599.jpg
0.4171875,-0.314454272727273,0.2825925,1.01853333333333,no/sbcam-2017-06-23_1498255197799.jpg
0.4171875,-0.314483636363636,0.2693875,1.0014,no/sbcam-2017-06-23_1498255199976.jpg
0.4,-0.296671272727273,0.2738025,0.830066666666667,no/sbcam-2017-06-23_1498255202189.jpg
0.31875,-0.230774545454545,0.2533,0.932866666666667,no/sbcam-2017-06-23_1498255204376.jpg
0.45625,-0.247417272727273,0.2722625,0.693,no/sbcam-2017-06-23_1498255206573.jpg
0.340625,-0.25518,0.200775,0.504533333333333,no/sbcam-2017-06-23_1498255208749.jpg
0.35625,-0.251397272727273,0.2043925,0.607333333333333,no/sbcam-2017-06-23_1498255210996.jpg
0.390625,-0.234414545454545,0.2042625,0.761533333333333,no/sbcam-2017-06-23_1498255213206.jpg
0.25625,-0.239961818181818,0.1448025,-0.249333333333333,no/sbcam-2017-06-23_1498255215386.jpg
0.2375,-0.238187272727273,0.122915,-0.146533333333333,no/sbcam-2017-06-23_1498255217576.jpg
0.2109375,-0.238980909090909,0.11869,-0.249333333333333,no/sbcam-2017-06-23_1498255219766.jpg
0.265625,-0.235184545454545,0.120165,-0.2322,no/sbcam-2017-06-23_1498255221952.jpg
0.29375,-0.227315454545455,0.10368,0.0248,no/sbcam-2017-06-23_1498255224126.jpg
0.25,-0.222798181818182,0.7587625,0.418866666666667,no/sbcam-2017-06-23_1498255226306.jpg
0.2375,-0.228713636363636,0.0846524999999999,0.179,no/sbcam-2017-06-23_1498255237316.jpg
0.2140625,-0.240276363636364,0.09445,0.179,no/sbcam-2017-06-23_1498255239492.jpg
0.24375,-0.240975454545455,0.096855,0.213266666666667,no/sbcam-2017-06-23_1498255241696.jpg
0.2390625,-0.238611818181818,0.0970775000000001,-0.0608666666666667,no/sbcam-2017-06-23_1498255243889.jpg
0.2421875,-0.243560909090909,0.1555175,0.932866666666667,no/sbcam-2017-06-23_1498255246089.jpg
0.4125,-0.277290272727273,-0.0122149999999999,0.3846,no/sbcam-2017-06-23_1498255248286.jpg
0.7859375,-0.249417272727273,0.1156425,0.778666666666667,no/sbcam-2017-06-23_1498255250479.jpg
0.796875,-0.245529090909091,0.1133775,0.607333333333333,no/sbcam-2017-06-23_1498255252685.jpg
0.665625,-0.259571818181818,0.115865,0.607333333333333,no/sbcam-2017-06-23_1498255254869.jpg
0.6640625,-0.268203636363636,0.1023,0.607333333333333,no/sbcam-2017-06-23_1498255257065.jpg
0.4359375,-0.243675454545455,0.11886,0.110466666666667,no/sbcam-2017-06-23_1498255259272.jpg
0.36875,-0.246588181818182,0.1510225,0.555933333333333,no/sbcam-2017-06-23_1498255261472.jpg
0.36875,-0.242964545454545,0.16632,0.5388,no/sbcam-2017-06-23_1498255263652.jpg
0.3609375,-0.211410909090909,0.0526975,0.367466666666667,no/sbcam-2017-06-23_1498255265862.jpg
0.5328125,-0.221684545454545,0.0853099999999999,0.504533333333333,no/sbcam-2017-06-23_1498255268032.jpg
0.73125,-0.193192727272727,0.0335725,0.555933333333333,no/sbcam-2017-06-23_1498255270252.jpg
0.6984375,-0.207479090909091,0.046405,0.658733333333333,no/sbcam-2017-06-23_1498255272455.jpg
0.3328125,-0.227173636363636,0.1116225,0.247533333333333,no/sbcam-2017-06-23_1498255274655.jpg
0.3859375,-0.211447272727273,0.11145,0.5902,no/sbcam-2017-06-23_1498255276855.jpg
0.3328125,-0.212629090909091,0.107305,0.915733333333333,no/sbcam-2017-06-23_1498255279032.jpg
0.3125,-0.214836363636364,0.0872149999999999,0.521666666666667,no/sbcam-2017-06-23_1498255281285.jpg
0.334375,-0.216836363636364,0.0795975000000001,0.624466666666667,no/sbcam-2017-06-23_1498255283468.jpg
0.2859375,-0.233820909090909,0.1075475,0.710133333333333,no/sbcam-2017-06-23_1498255285658.jpg
0.359375,-0.207840909090909,0.095115,0.5388,no/sbcam-2017-06-23_1498255287868.jpg
0.4171875,-0.2001,0.0875975000000001,0.316066666666667,no/sbcam-2017-06-23_1498255290042.jpg
0.3609375,-0.208376363636364,0.1021325,0.624466666666667,no/sbcam-2017-06-23_1498255292225.jpg
0.340625,-0.196591818181818,0.0562974999999999,0.555933333333333,no/sbcam-2017-06-23_1498255453280.jpg
0.334375,-0.207141818181818,0.082375,0.555933333333333,no/sbcam-2017-06-23_1498255492726.jpg
0.3234375,-0.205445454545455,0.086395,0.830066666666667,no/sbcam-2017-06-23_1498255506016.jpg
0.3515625,-0.206092727272727,0.140195,0.3846,no/sbcam-2017-06-23_1498255759226.jpg
0.4078125,-0.203340909090909,0.1477275,0.316066666666667,no/sbcam-2017-06-23_1498255762109.jpg
0.4046875,-0.196518181818182,0.1355475,0.436,no/sbcam-2017-06-23_1498255765347.jpg
0.340625,-0.21278,0.2620125,0.710133333333333,no/sbcam-2017-06-23_1498255812369.jpg
0.3421875,-0.218457272727273,0.2101125,0.710133333333333,no/sbcam-2017-06-23_1498255818492.jpg
0.3484375,-0.21609,0.32386,0.7958,no/sbcam-2017-06-23_1498255820319.jpg
0.3296875,-0.223887272727273,0.2752225,0.710133333333333,no/sbcam-2017-06-23_1498255822075.jpg
0.425,-0.18731,0.1101625,0.436,no/sbcam-2017-06-23_1498256102622.jpg
0.390625,-0.190016363636364,0.1260925,0.521666666666667,no/sbcam-2017-06-23_1498256104849.jpg
0.3609375,-0.203621818181818,0.11744,0.401733333333333,no/sbcam-2017-06-23_1498256107022.jpg
0.2578125,-0.178071818181818,-0.0811724999999999,-0.9004,no/sbcam-2017-06-23_1498259308095.jpg
0.265625,-0.174750909090909,-0.1205275,-0.849,no/sbcam-2017-06-23_1498259311596.jpg
0.240625,-0.168377272727273,-0.1185325,-0.831866666666667,no/sbcam-2017-06-23_1498259315747.jpg
-0.440625,-0.411788545454545,-1.3639975,-2.99066666666667,no/sbcam-2017-06-24_1498277122244.jpg
-0.4703125,-0.421256454545455,-1.368009,-3.04206666666667,no/sbcam-2017-06-24_1498277124330.jpg
0.23125,5.70434545454545,-0.56179,0.367466666666667,no/sbcam-2017-06-24_1498277128742.jpg
-0.0984375,4.78935454545454,-0.70554,-0.112266666666667,no/sbcam-2017-06-24_1498277135524.jpg
-0.1203125,-0.186876363636364,0.576015,1.03566666666667,no/sbcam-2018-05-03_1525365718694.jpg
-0.2265625,-0.183523636363636,0.5904275,1.03566666666667,no/sbcam-2018-05-03_1525365720435.jpg
-0.14375,-0.185042727272727,0.5603775,1.03566666666667,no/sbcam-2018-05-03_1525365722143.jpg
0.153571428571429,-0.126150909090909,-1.1427,-1.9798,no/sbcam-2018-05-14_1526343423014.jpg
0.143367346938776,-0.138484545454545,-1.13396,-1.9798,no/sbcam-2018-05-14_1526343424849.jpg
0.102551020408163,-0.21565,-1.1249375,-1.9284,no/sbcam-2018-05-14_1526343426531.jpg
-0.445918367346939,-0.230949090909091,-1.4105785,-2.88786666666667,no/sbcam-2018-05-14_1526343438656.jpg
-0.431632653061225,-0.323685818181818,-1.399683,-2.97353333333333,no/sbcam-2018-05-14_1526343440431.jpg
-0.463775510204082,-0.327736818181818,-1.387413,-2.92213333333333,no/sbcam-2018-05-14_1526343442019.jpg
0.912244897959184,-0.330025272727273,0.060855,0.2304,no/sbcam-2018-05-15_1526397424149.jpg
0.96734693877551,-0.325238909090909,0.0534425000000001,0.1276,no/sbcam-2018-05-15_1526397429209.jpg
0.915816326530612,-0.331796363636364,0.0553724999999999,0.179,no/sbcam-2018-05-15_1526397430894.jpg
0.544387755102041,-0.294741454545455,0.2160875,0.00766666666666667,no/sbcam-2018-05-15_1526403784928.jpg
0.601530612244898,-0.322568818181818,0.4535125,-0.0608666666666667,no/sbcam-2018-05-15_1526403896842.jpg
0.704081632653061,-0.254784545454545,0.194745,1.03566666666667,no/sbcam-2018-05-24_1527194013909.jpg
0.670918367346939,-0.260184545454545,0.2070825,1.03566666666667,no/sbcam-2018-05-24_1527194017558.jpg
0.638775510204082,-0.263677272727273,0.2212975,1.03566666666667,no/sbcam-2018-05-24_1527194019371.jpg
0.707142857142857,-0.240949090909091,0.21943,1.03566666666667,no/sbcam-2018-05-24_1527194352110.jpg
3.1125,1.13947272727273,0.137425,1.03566666666667,yes/sbcam-2017-06-01_1496344412625.jpg
3.121875,1.15686363636364,0.138505,1.03566666666667,yes/sbcam-2017-06-01_1496344422391.jpg
3.065625,1.13937272727273,0.138675,1.03566666666667,yes/sbcam-2017-06-01_1496344423968.jpg
3.1125,1.17363636363636,0.1360275,1.03566666666667,yes/sbcam-2017-06-01_1496344425544.jpg
3.121875,1.1758,0.1346275,1.03566666666667,yes/sbcam-2017-06-01_1496344427121.jpg
3.146875,1.20963636363636,0.12589,1.03566666666667,yes/sbcam-2017-06-01_1496344428698.jpg
1.55625,-0.133241818181818,0.953765,1.03566666666667,yes/sbcam-2017-06-01_1496344430274.jpg
1.5625,-0.438097818181818,2.701025,1.03566666666667,yes/sbcam-2017-06-01_1496344431854.jpg
1.321875,-0.500414545454545,4.0863,1.03566666666667,yes/sbcam-2017-06-01_1496344433428.jpg
1.0203125,0.0437663636363636,0.2967075,1.03566666666667,yes/sbcam-2017-06-01_1496344435004.jpg
2.075,0.248132727272727,0.5246525,1.03566666666667,yes/sbcam-2017-06-01_1496344436578.jpg
1.5921875,-0.101268181818182,0.9944375,1.03566666666667,yes/sbcam-2017-06-01_1496344438154.jpg
1.925,-0.23719,1.6029,1.03566666666667,yes/sbcam-2017-06-01_1496344439728.jpg
1.68125,-0.330101363636364,1.741275,1.03566666666667,yes/sbcam-2017-06-01_1496344441301.jpg
3.1015625,1.04284545454545,0.0424375,1.03566666666667,yes/sbcam-2017-06-01_1496344442874.jpg
3.2265625,1.84345454545455,-0.1032825,1.03566666666667,yes/sbcam-2017-06-01_1496344444451.jpg
3.1421875,1.37832727272727,-0.013655,1.03566666666667,yes/sbcam-2017-06-01_1496344446024.jpg
3.29375,1.8958,-0.02248,1.03566666666667,yes/sbcam-2017-06-01_1496344447604.jpg
3.3,2.33459090909091,-0.086355,1.03566666666667,yes/sbcam-2017-06-01_1496344449181.jpg
3.33125,2.19121818181818,-0.0512375,1.03566666666667,yes/sbcam-2017-06-01_1496344450758.jpg
3.11875,2.83801818181818,-0.250605,1.03566666666667,yes/sbcam-2017-06-01_1496344452331.jpg
3.215625,2.16371818181818,-0.132585,1.03566666666667,yes/sbcam-2017-06-01_1496344453904.jpg
3.2359375,1.83858181818182,-0.0918975,1.03566666666667,yes/sbcam-2017-06-01_1496344455481.jpg
3.546875,4.51549090909091,-0.2031175,1.03566666666667,yes/sbcam-2017-06-01_1496344457057.jpg
3.6140625,4.29204545454545,-0.1471,1.03566666666667,yes/sbcam-2017-06-01_1496344458637.jpg
3.2625,1.47546363636364,0.053395,1.03566666666667,yes/sbcam-2017-06-01_1496344460214.jpg
1.9390625,-0.222955454545455,0.852065,1.03566666666667,yes/sbcam-2017-06-01_1496344461791.jpg
1.4265625,-0.17518,0.628165,1.03566666666667,yes/sbcam-2017-06-01_1496344463364.jpg
3.1703125,2.05494545454545,-0.1257975,1.03566666666667,yes/sbcam-2017-06-01_1496344464937.jpg
3.1640625,1.8213,-0.0879300000000001,1.03566666666667,yes/sbcam-2017-06-01_1496344466511.jpg
3.2171875,1.83847272727273,-0.0296875,1.03566666666667,yes/sbcam-2017-06-01_1496344468087.jpg
3.2140625,1.60346363636364,0.0106099999999999,1.03566666666667,yes/sbcam-2017-06-01_1496344469664.jpg
3.2328125,1.44915454545455,0.0581900000000001,1.03566666666667,yes/sbcam-2017-06-01_1496344471237.jpg
1.6109375,0.167715454545455,0.66443,1.03566666666667,yes/sbcam-2017-06-16_1497634715854.jpg
1.64375,0.0863609090909091,0.7188675,1.03566666666667,yes/sbcam-2017-06-16_1497634721187.jpg
1.571875,0.0733781818181818,0.7614475,1.03566666666667,yes/sbcam-2017-06-16_1497634737144.jpg
1.5828125,0.05087,0.7998825,1.03566666666667,yes/sbcam-2017-06-16_1497634747407.jpg
1.6140625,0.00403181818181815,0.8337925,1.03566666666667,yes/sbcam-2017-06-16_1497634777230.jpg
1.4984375,-0.00633545454545455,0.8835525,1.03566666666667,yes/sbcam-2017-06-16_1497634812913.jpg
1.68125,0.255208181818182,0.7473425,1.03566666666667,yes/sbcam-2017-06-16_1497634818173.jpg
1.8046875,0.915618181818182,0.2284375,1.03566666666667,yes/sbcam-2017-06-16_1497635718057.jpg
1.7171875,0.793654545454546,0.2789525,1.03566666666667,yes/sbcam-2017-06-16_1497635738210.jpg
1.71875,0.5577,0.38694,1.03566666666667,yes/sbcam-2017-06-16_1497635794670.jpg
1.715625,0.525028181818182,0.3726375,1.03566666666667,yes/sbcam-2017-06-16_1497635795913.jpg
1.628125,0.0298981818181818,0.6379375,1.03566666666667,yes/sbcam-2017-06-16_1497635799856.jpg
1.56875,-0.01736,0.735845,1.03566666666667,yes/sbcam-2017-06-16_1497635803676.jpg
1.7234375,0.12769,0.720045,1.03566666666667,yes/sbcam-2017-06-16_1497636730707.jpg
1.7171875,0.0677190909090909,0.767435,1.03566666666667,yes/sbcam-2017-06-16_1497636733570.jpg
1.5078125,-0.0351445454545455,0.84375,1.03566666666667,yes/sbcam-2017-06-16_1497637171316.jpg
1.5046875,-0.0754045454545455,0.891515,1.03566666666667,yes/sbcam-2017-06-16_1497637197189.jpg
1.90625,0.907272727272727,0.1350475,1.03566666666667,yes/sbcam-2017-06-16_1497637222725.jpg
1.8796875,0.476680909090909,0.298,1.03566666666667,yes/sbcam-2017-06-16_1497637309021.jpg
2.0390625,4.2715,-0.5412475,1.03566666666667,yes/sbcam-2017-06-19_1497908594792.jpg
1.4078125,0.121001818181818,0.6229525,1.03566666666667,yes/sbcam-2017-06-19_1497908596962.jpg
1.4328125,0.0728036363636364,0.6844025,1.03566666666667,yes/sbcam-2017-06-19_1497908599125.jpg
1.5015625,0.0330572727272727,0.7488625,1.03566666666667,yes/sbcam-2017-06-19_1497908601319.jpg
1.56875,0.308967272727273,0.5775,1.03566666666667,yes/sbcam-2017-06-19_1497908603528.jpg
1.6515625,0.215334545454545,0.67104,1.03566666666667,yes/sbcam-2017-06-19_1497908605728.jpg
1.6390625,0.164117272727273,0.7420275,1.03566666666667,yes/sbcam-2017-06-19_1497908607922.jpg
1.5203125,0.139634545454545,0.7358975,1.03566666666667,yes/sbcam-2017-06-19_1497908610122.jpg
1.9953125,1.0329,0.2088325,1.03566666666667,yes/sbcam-2017-06-19_1497908624352.jpg
2.2375,1.45753636363636,0.5910175,1.03566666666667,yes/sbcam-2017-06-19_1497911900429.jpg
1.978125,1.67229090909091,0.446425,1.03566666666667,yes/sbcam-2017-06-19_1497916577468.jpg
1.7765625,0.351643636363636,0.53065,1.03566666666667,yes/sbcam-2017-06-21_1498086973085.jpg
2.5546875,1.36723636363636,0.831565,1.03566666666667,yes/sbcam-2017-06-21_1498092176610.jpg
2.496875,1.42089090909091,0.82636,1.03566666666667,yes/sbcam-2017-06-21_1498092216866.jpg
2.5125,1.43332727272727,0.813705,1.03566666666667,yes/sbcam-2017-06-21_1498092227439.jpg
2.4546875,1.40365454545455,0.830825,1.03566666666667,yes/sbcam-2017-06-21_1498092231259.jpg
2.4375,1.37918181818182,0.8361175,1.03566666666667,yes/sbcam-2017-06-21_1498092233399.jpg
2.5,1.39331818181818,0.8460225,1.03566666666667,yes/sbcam-2017-06-21_1498092235539.jpg
2.4640625,1.37296363636364,0.82654,1.03566666666667,yes/sbcam-2017-06-21_1498092237706.jpg
2.4875,1.37592727272727,0.8360125,1.03566666666667,yes/sbcam-2017-06-21_1498092239842.jpg
2.4625,1.39243636363636,0.797625,1.03566666666667,yes/sbcam-2017-06-21_1498092241976.jpg
2.4421875,1.39309090909091,0.82193,1.03566666666667,yes/sbcam-2017-06-21_1498092244116.jpg
2.4453125,1.34068181818182,0.825225,1.03566666666667,yes/sbcam-2017-06-21_1498092246299.jpg
2.4515625,1.34671818181818,0.8371425,1.03566666666667,yes/sbcam-2017-06-21_1498092248452.jpg
2.4078125,1.34678181818182,0.8106675,1.03566666666667,yes/sbcam-2017-06-21_1498092250599.jpg
2.48125,1.39345454545455,0.80415,1.03566666666667,yes/sbcam-2017-06-21_1498092252739.jpg
2.4421875,1.37313636363636,0.78716,1.03566666666667,yes/sbcam-2017-06-21_1498092254882.jpg
2.484375,1.35920909090909,0.84433,1.03566666666667,yes/sbcam-2017-06-21_1498092282392.jpg
2.4453125,1.42138181818182,0.812435,1.03566666666667,yes/sbcam-2017-06-21_1498092284525.jpg
2.390625,1.3265,0.81046,1.03566666666667,yes/sbcam-2017-06-21_1498092286662.jpg
2.428125,1.3642,0.8209575,1.03566666666667,yes/sbcam-2017-06-21_1498092288845.jpg
2.459375,1.32866363636364,0.8198625,1.03566666666667,yes/sbcam-2017-06-21_1498092290995.jpg
2.36875,1.46097272727273,0.7696275,1.03566666666667,yes/sbcam-2017-06-21_1498092798014.jpg
2.4296875,1.48378181818182,0.7529975,1.03566666666667,yes/sbcam-2017-06-21_1498092800211.jpg
2.196875,1.48848181818182,0.65896,1.03566666666667,yes/sbcam-2017-06-21_1498092821144.jpg
2.2609375,1.6411,0.6594325,1.03566666666667,yes/sbcam-2017-06-21_1498092824244.jpg
2.29375,1.65385454545455,0.643395,1.03566666666667,yes/sbcam-2017-06-21_1498092826637.jpg
2.259375,1.61561818181818,0.6315625,1.03566666666667,yes/sbcam-2017-06-21_1498092828211.jpg
2.25625,1.5909,0.645585,1.03566666666667,yes/sbcam-2017-06-21_1498092829727.jpg
2.0046875,0.547409090909091,0.791085,1.03566666666667,yes/sbcam-2017-06-21_1498093957994.jpg
2.0640625,0.534869090909091,0.8203825,1.03566666666667,yes/sbcam-2017-06-21_1498094062083.jpg
1.778125,0.143515454545455,0.3550525,1.03566666666667,yes/sbcam-2017-06-23_1498242657761.jpg
1.8578125,-0.0134472727272727,0.5148925,1.03566666666667,yes/sbcam-2017-06-23_1498242662128.jpg
1.9578125,-0.0452009090909091,0.5660325,1.03566666666667,yes/sbcam-2017-06-23_1498242666531.jpg
1.853125,-0.0887918181818182,0.6127225,1.03566666666667,yes/sbcam-2017-06-23_1498242730773.jpg
1.8796875,-0.0899018181818182,0.604235,1.03566666666667,yes/sbcam-2017-06-23_1498242732890.jpg
1.8390625,-0.0859854545454545,0.607715,1.03566666666667,yes/sbcam-2017-06-23_1498242734650.jpg
1.8484375,-0.0959254545454545,0.6102975,1.03566666666667,yes/sbcam-2017-06-23_1498242736843.jpg
1.878125,-0.09149,0.60751,1.03566666666667,yes/sbcam-2017-06-23_1498242738813.jpg
1.8265625,-0.0905645454545455,0.60914,1.03566666666667,yes/sbcam-2017-06-23_1498242740980.jpg
1.7578125,-0.21862,0.8598175,1.03566666666667,yes/sbcam-2017-06-23_1498242969965.jpg
1.821875,-0.21656,0.85513,1.03566666666667,yes/sbcam-2017-06-23_1498242972101.jpg
1.7109375,-0.212040909090909,0.8384625,1.03566666666667,yes/sbcam-2017-06-23_1498242974248.jpg
1.7296875,-0.199427272727273,0.8518375,1.03566666666667,yes/sbcam-2017-06-23_1498247568348.jpg
1.775,-0.133022727272727,0.74934,1.03566666666667,yes/sbcam-2017-06-23_1498248113423.jpg
1.896875,0.193077272727273,0.3246375,1.03566666666667,yes/sbcam-2017-06-23_1498251469740.jpg
1.975,0.279369090909091,0.278085,1.03566666666667,yes/sbcam-2017-06-23_1498251519889.jpg
2.0765625,0.876463636363636,0.0513175000000001,1.03566666666667,yes/sbcam-2017-06-23_1498252080411.jpg
1.9890625,0.736718181818182,0.1241325,1.03566666666667,yes/sbcam-2017-06-23_1498252084051.jpg
0.8859375,-0.0395836363636364,0.57088,1.03566666666667,yes/sbcam-2017-06-23_1498252264826.jpg
0.9078125,-0.0572963636363636,0.5839775,1.03566666666667,yes/sbcam-2017-06-23_1498252266920.jpg
0.946875,-0.08477,0.6580725,1.03566666666667,yes/sbcam-2017-06-23_1498252276954.jpg
0.91875,-0.0935209090909091,0.6722625,1.03566666666667,yes/sbcam-2017-06-23_1498252278681.jpg
0.9109375,-0.104407272727273,0.6823075,1.03566666666667,yes/sbcam-2017-06-23_1498252280361.jpg
0.8828125,-0.10055,0.6768975,1.03566666666667,yes/sbcam-2017-06-23_1498252281894.jpg
0.884375,-0.111893636363636,0.6988875,1.03566666666667,yes/sbcam-2017-06-23_1498252283484.jpg
0.934375,-0.118176363636364,0.70771,1.03566666666667,yes/sbcam-2017-06-23_1498252285041.jpg
0.8921875,-0.103707272727273,0.6889975,1.03566666666667,yes/sbcam-2017-06-23_1498252286557.jpg
1.3171875,-0.00962454545454545,0.35617,1.03566666666667,yes/sbcam-2017-06-23_1498252811033.jpg
1.36875,0.0749045454545454,0.282625,1.03566666666667,yes/sbcam-2017-06-23_1498252816293.jpg
1.4953125,-0.119996363636364,0.5131425,1.03566666666667,yes/sbcam-2017-06-23_1498252818748.jpg
1.734375,-0.237990909090909,0.8404575,1.03566666666667,yes/sbcam-2017-06-23_1498252907434.jpg
1.840625,-0.250967272727273,0.88251,1.03566666666667,yes/sbcam-2017-06-23_1498252909751.jpg
1.690625,-0.235023636363636,0.82622,1.03566666666667,yes/sbcam-2017-06-23_1498252914411.jpg
1.7125,-0.244201818181818,0.8475675,1.03566666666667,yes/sbcam-2017-06-23_1498252916884.jpg
1.778125,-0.252802727272727,0.878975,1.03566666666667,yes/sbcam-2017-06-23_1498252923304.jpg
1.7375,-0.277745636363636,0.9548475,1.03566666666667,yes/sbcam-2017-06-23_1498252945004.jpg
1.6375,-0.283993818181818,0.977335,1.03566666666667,yes/sbcam-2017-06-23_1498252950488.jpg
1.33125,0.366015454545455,0.10574,1.03566666666667,yes/sbcam-2017-06-23_1498252953061.jpg
0.9375,-0.265583636363636,0.908475,1.03566666666667,yes/sbcam-2017-06-23_1498253012868.jpg
1.5953125,-0.282538636363636,0.992355,1.03566666666667,yes/sbcam-2017-06-23_1498253029056.jpg
0.596875,0.264922727272727,0.1736075,1.03566666666667,yes/sbcam-2017-06-23_1498253299350.jpg
1.8078125,-0.268378181818182,0.935525,1.03566666666667,yes/sbcam-2017-06-23_1498253547733.jpg
1.8203125,-0.264342727272727,0.935685,1.03566666666667,yes/sbcam-2017-06-23_1498253613936.jpg
1.66875,-0.136854545454545,0.6531175,1.03566666666667,yes/sbcam-2017-06-23_1498254868143.jpg
1.6921875,-0.0913609090909091,0.592125,1.03566666666667,yes/sbcam-2017-06-23_1498254899435.jpg
1.753125,-0.0765490909090909,0.578165,1.03566666666667,yes/sbcam-2017-06-23_1498254901863.jpg
1.7984375,-0.0727754545454546,0.57222,1.03566666666667,yes/sbcam-2017-06-23_1498254910930.jpg
1.759375,-0.0726709090909091,0.5697825,1.03566666666667,yes/sbcam-2017-06-23_1498254913073.jpg
1.3953125,0.262212727272727,0.444065,1.03566666666667,yes/sbcam-2017-06-23_1498255228506.jpg
1.3375,0.382696363636364,0.37639,1.03566666666667,yes/sbcam-2017-06-23_1498255230726.jpg
1.3921875,0.41447,0.368625,1.03566666666667,yes/sbcam-2017-06-23_1498255232929.jpg
1.1109375,1.05784545454545,0.257305,1.03566666666667,yes/sbcam-2017-06-23_1498255235126.jpg
1.2234375,0.308938181818182,0.40569,1.03566666666667,yes/sbcam-2017-06-23_1498255515092.jpg
1.2078125,0.329629090909091,0.410905,1.03566666666667,yes/sbcam-2017-06-23_1498255549745.jpg
1.1765625,0.290025454545455,0.426495,1.03566666666667,yes/sbcam-2017-06-23_1498255560922.jpg
0.9890625,0.279175454545455,0.393415,1.03566666666667,yes/sbcam-2017-06-23_1498255579612.jpg
1.028125,0.263917272727273,0.407185,1.03566666666667,yes/sbcam-2017-06-23_1498255611384.jpg
0.9953125,0.257171818181818,0.404905,1.03566666666667,yes/sbcam-2017-06-23_1498255657714.jpg
0.9859375,0.279944545454545,0.3891775,1.03566666666667,yes/sbcam-2017-06-23_1498255744183.jpg
1.0921875,0.316533636363636,0.3902,1.03566666666667,yes/sbcam-2017-06-23_1498255746780.jpg
1.0015625,0.266398181818182,0.397955,1.03566666666667,yes/sbcam-2017-06-23_1498255754909.jpg
0.971875,0.263832727272727,0.39735,1.03566666666667,yes/sbcam-2017-06-23_1498255757063.jpg
1.2109375,0.310720909090909,0.4114575,1.03566666666667,yes/sbcam-2017-06-23_1498256109172.jpg
1.25,0.306804545454545,0.4517025,1.03566666666667,yes/sbcam-2017-06-23_1498256125298.jpg
1.265625,0.335747272727273,0.4385275,1.03566666666667,yes/sbcam-2017-06-23_1498256153871.jpg
1.40625,0.935409090909091,0.6646375,1.03566666666667,yes/sbcam-2017-06-23_1498259245903.jpg
1.3109375,0.903863636363636,0.70069,1.03566666666667,yes/sbcam-2017-06-23_1498259247839.jpg
1.2875,0.840290909090909,0.7217025,1.03566666666667,yes/sbcam-2017-06-23_1498259249658.jpg
1.3171875,0.805790909090909,0.7609975,1.03566666666667,yes/sbcam-2017-06-23_1498259278286.jpg
1.8140625,1.56258181818182,1.139125,1.03566666666667,yes/sbcam-2017-06-24_1498277166446.jpg
1.7921875,1.53075454545455,1.096125,1.03566666666667,yes/sbcam-2017-06-24_1498277170125.jpg
1.84375,1.57488181818182,1.1252,1.03566666666667,yes/sbcam-2017-06-24_1498277173769.jpg
1.79375,1.26972727272727,1.070575,1.03566666666667,yes/sbcam-2017-06-24_1498277176543.jpg
1.7875,1.29857272727273,0.999825,1.03566666666667,yes/sbcam-2017-06-24_1498277178761.jpg
2.075,-0.0871727272727273,0.732435,1.03566666666667,yes/sbcam-2018-05-03_1525365693842.jpg
2.0625,-0.0837381818181818,0.7116525,1.03566666666667,yes/sbcam-2018-05-03_1525365695665.jpg
2.0640625,-0.0808509090909091,0.7276,1.03566666666667,yes/sbcam-2018-05-03_1525365698319.jpg
1.3125,6.51868181818182,-0.452445,1.03566666666667,yes/sbcam-2018-05-14_1526340721519.jpg
1.409375,6.61698181818182,-0.43705,1.03566666666667,yes/sbcam-2018-05-14_1526340723185.jpg
1.390625,6.35349090909091,-0.3838275,1.03566666666667,yes/sbcam-2018-05-14_1526340724676.jpg
1.340625,6.21174545454545,-0.3397975,1.03566666666667,yes/sbcam-2018-05-14_1526340726086.jpg
1.390625,5.85335454545455,-0.2999425,1.03566666666667,yes/sbcam-2018-05-14_1526340727611.jpg
6.03061224489796,4.66925454545455,-0.307265,1.03566666666667,yes/sbcam-2018-05-14_1526343407138.jpg
5.525,5.93561818181818,-0.5112825,1.03566666666667,yes/sbcam-2018-05-14_1526343408956.jpg
5.89948979591837,5.973,-0.469645,1.03566666666667,yes/sbcam-2018-05-14_1526343411860.jpg
6.64948979591837,6.72212727272727,-0.42441,1.03566666666667,yes/sbcam-2018-05-14_1526343447533.jpg
6.47551020408163,6.55735454545454,-0.35743,1.03566666666667,yes/sbcam-2018-05-14_1526343449525.jpg
6.675,6.32516363636364,-0.32123,1.03566666666667,yes/sbcam-2018-05-14_1526343451122.jpg
4.95051020408163,-0.156921818181818,0.2303575,1.03566666666667,yes/sbcam-2018-05-15_1526396851881.jpg
4.87704081632653,-0.159592727272727,0.231715,1.03566666666667,yes/sbcam-2018-05-15_1526396853945.jpg
4.21275510204082,1.2398,-0.30338,1.03566666666667,yes/sbcam-2018-05-15_1526403775580.jpg
4.25,1.03666363636364,-0.1554625,1.03566666666667,yes/sbcam-2018-05-15_1526403883039.jpg
4.99897959183673,0.109955454545455,0.4041975,1.03566666666667,yes/sbcam-2018-05-24_1527194106569.jpg
5.74183673469388,0.150602727272727,0.4114025,1.03566666666667,yes/sbcam-2018-05-24_1527194109498.jpg
5.69489795918367,0.148780909090909,0.41082,1.03566666666667,yes/sbcam-2018-05-24_1527194111623.jpg
1.66275510204082,-0.190951818181818,0.2820825,0.2304,no/sbcam-2018-06-01_1527881008071.jpg
